MFEM mesh v1.0

#
# MFEM Geometry Types (see mesh/geom.hpp):
#
# POINT       = 0
# SEGMENT     = 1
# TRIANGLE    = 2
# SQUARE      = 3
# TETRAHEDRON = 4
# CUBE        = 5
# PRISM       = 6
#

dimension
3

elements
32
1 5 0 20 56 23 28 57 77 60
1 5 20 1 21 56 57 29 58 77
1 5 56 21 6 22 77 58 30 59
1 5 23 56 22 5 60 77 59 31
1 5 28 57 77 60 10 24 61 27
1 5 57 29 58 77 24 11 25 61
1 5 77 58 30 59 61 25 16 26
1 5 60 77 59 31 27 61 26 15
1 5 1 32 62 21 29 63 78 58
1 5 32 2 33 62 63 38 64 78
1 5 62 33 7 34 78 64 39 65
1 5 21 62 34 6 58 78 65 30
1 5 29 63 78 58 11 35 66 25
1 5 63 38 64 78 35 12 36 66
1 5 78 64 39 65 66 36 17 37
1 5 58 78 65 30 25 66 37 16
1 5 2 40 67 33 38 68 79 64
1 5 40 3 41 67 68 46 69 79
1 5 67 41 8 42 79 69 47 70
1 5 33 67 42 7 64 79 70 39
1 5 38 68 79 64 12 43 71 36
1 5 68 46 69 79 43 13 44 71
1 5 79 69 47 70 71 44 18 45
1 5 64 79 70 39 36 71 45 17
1 5 3 48 72 41 46 73 80 69
1 5 48 4 49 72 73 54 74 80
1 5 72 49 9 50 80 74 55 75
1 5 41 72 50 8 69 80 75 47
1 5 46 73 80 69 13 51 76 44
1 5 73 54 74 80 51 14 52 76
1 5 80 74 55 75 76 52 19 53
1 5 69 80 75 47 44 76 53 18

boundary
72
3 3 5 22 56 23
3 3 22 6 21 56
3 3 56 21 1 20
3 3 23 56 20 0
3 3 0 20 57 28
3 3 20 1 29 57
3 3 57 29 11 24
3 3 28 57 24 10
3 3 6 22 59 30
3 3 22 5 31 59
3 3 59 31 15 26
3 3 30 59 26 16
1 3 5 23 60 31
1 3 23 0 28 60
1 3 60 28 10 27
1 3 31 60 27 15
3 3 10 24 61 27
3 3 24 11 25 61
3 3 61 25 16 26
3 3 27 61 26 15
3 3 6 34 62 21
3 3 34 7 33 62
3 3 62 33 2 32
3 3 21 62 32 1
3 3 1 32 63 29
3 3 32 2 38 63
3 3 63 38 12 35
3 3 29 63 35 11
3 3 7 34 65 39
3 3 34 6 30 65
3 3 65 30 16 37
3 3 39 65 37 17
3 3 11 35 66 25
3 3 35 12 36 66
3 3 66 36 17 37
3 3 25 66 37 16
3 3 7 42 67 33
3 3 42 8 41 67
3 3 67 41 3 40
3 3 33 67 40 2
3 3 2 40 68 38
3 3 40 3 46 68
3 3 68 46 13 43
3 3 38 68 43 12
3 3 8 42 70 47
3 3 42 7 39 70
3 3 70 39 17 45
3 3 47 70 45 18
3 3 12 43 71 36
3 3 43 13 44 71
3 3 71 44 18 45
3 3 36 71 45 17
3 3 8 50 72 41
3 3 50 9 49 72
3 3 72 49 4 48
3 3 41 72 48 3
3 3 3 48 73 46
3 3 48 4 54 73
3 3 73 54 14 51
3 3 46 73 51 13
3 3 9 50 75 55
3 3 50 8 47 75
3 3 75 47 18 53
3 3 55 75 53 19
3 3 13 51 76 44
3 3 51 14 52 76
3 3 76 52 19 53
3 3 44 76 53 18
5 3 4 49 74 54
5 3 49 9 55 74
5 3 54 74 52 14
5 3 74 55 19 52

vertices
81

nodes
FiniteElementSpace
FiniteElementCollection: H1_3D_P1
VDim: 3
Ordering: 1

0 0 0
0.99375 0 0.04375
1.975 0 0.15
2.94375 0 0.28125
3.9 0 0.4
0 1 0
0.99375 1 0.04375
1.975 1 0.15
2.94375 1 0.28125
3.9 1 0.4
0 0 1
0.99375 0 1.04375
1.975 0 1.15
2.94375 0 1.28125
3.9 0 1.4
0 1 1
0.99375 1 1.04375
1.975 1 1.15
2.94375 1 1.28125
3.9 1 1.4
0.498437 0 0.0117188
0.99375 0.5 0.04375
0.498437 1 0.0117188
0 0.5 0
0.498437 0 1.01172
0.99375 0.5 1.04375
0.498437 1 1.01172
0 0.5 1
0 0 0.5
0.99375 0 0.54375
0.99375 1 0.54375
0 1 0.5
1.48594 0 0.0914063
1.975 0.5 0.15
1.48594 1 0.0914063
1.48594 0 1.09141
1.975 0.5 1.15
1.48594 1 1.09141
1.975 0 0.65
1.975 1 0.65
2.46094 0 0.214844
2.94375 0.5 0.28125
2.46094 1 0.214844
2.46094 0 1.21484
2.94375 0.5 1.28125
2.46094 1 1.21484
2.94375 0 0.78125
2.94375 1 0.78125
3.42344 0 0.344531
3.9 0.5 0.4
3.42344 1 0.344531
3.42344 0 1.34453
3.9 0.5 1.4
3.42344 1 1.34453
3.9 0 0.9
3.9 1 0.9
0.498437 0.5 0.0117188
0.498437 0 0.511719
0.99375 0.5 0.54375
0.498437 1 0.511719
0 0.5 0.5
0.498437 0.5 1.01172
1.48594 0.5 0.0914063
1.48594 0 0.591406
1.975 0.5 0.65
1.48594 1 0.591406
1.48594 0.5 1.09141
2.46094 0.5 0.214844
2.46094 0 0.714844
2.94375 0.5 0.78125
2.46094 1 0.714844
2.46094 0.5 1.21484
3.42344 0.5 0.344531
3.42344 0 0.844531
3.9 0.5 0.9
3.42344 1 0.844531
3.42344 0.5 1.34453
0.498437 0.5 0.511719
1.48594 0.5 0.591406
2.46094 0.5 0.714844
3.42344 0.5 0.844531
