MFEM mesh v1.0

#
# MFEM Geometry Types (see mesh/geom.hpp):
#
# POINT       = 0
# SEGMENT     = 1
# TRIANGLE    = 2
# SQUARE      = 3
# TETRAHEDRON = 4
# CUBE        = 5
# PRISM       = 6
#

dimension
3

elements
32
2 5 0 24 57 20 22 58 77 56
2 5 24 1 25 57 58 30 59 77
2 5 57 25 6 26 77 59 31 60
2 5 20 57 26 5 56 77 60 23
2 5 22 58 77 56 10 27 61 21
2 5 58 30 59 77 27 11 28 61
2 5 77 59 31 60 61 28 16 29
2 5 56 77 60 23 21 61 29 15
2 5 1 32 62 25 30 63 78 59
2 5 32 2 33 62 63 38 64 78
2 5 62 33 7 34 78 64 39 65
2 5 25 62 34 6 59 78 65 31
2 5 30 63 78 59 11 35 66 28
2 5 63 38 64 78 35 12 36 66
2 5 78 64 39 65 66 36 17 37
2 5 59 78 65 31 28 66 37 16
2 5 2 40 67 33 38 68 79 64
2 5 40 3 41 67 68 46 69 79
2 5 67 41 8 42 79 69 47 70
2 5 33 67 42 7 64 79 70 39
2 5 38 68 79 64 12 43 71 36
2 5 68 46 69 79 43 13 44 71
2 5 79 69 47 70 71 44 18 45
2 5 64 79 70 39 36 71 45 17
2 5 3 48 72 41 46 73 80 69
2 5 48 4 49 72 73 54 74 80
2 5 72 49 9 50 80 74 55 75
2 5 41 72 50 8 69 80 75 47
2 5 46 73 80 69 13 51 76 44
2 5 73 54 74 80 51 14 52 76
2 5 80 74 55 75 76 52 19 53
2 5 69 80 75 47 44 76 53 18

boundary
72
3 3 5 26 57 20
3 3 26 6 25 57
3 3 57 25 1 24
3 3 20 57 24 0
3 3 0 24 58 22
3 3 24 1 30 58
3 3 58 30 11 27
3 3 22 58 27 10
3 3 6 26 60 31
3 3 26 5 23 60
3 3 60 23 15 29
3 3 31 60 29 16
3 3 10 27 61 21
3 3 27 11 28 61
3 3 61 28 16 29
3 3 21 61 29 15
3 3 6 34 62 25
3 3 34 7 33 62
3 3 62 33 2 32
3 3 25 62 32 1
3 3 1 32 63 30
3 3 32 2 38 63
3 3 63 38 12 35
3 3 30 63 35 11
3 3 7 34 65 39
3 3 34 6 31 65
3 3 65 31 16 37
3 3 39 65 37 17
3 3 11 35 66 28
3 3 35 12 36 66
3 3 66 36 17 37
3 3 28 66 37 16
3 3 7 42 67 33
3 3 42 8 41 67
3 3 67 41 3 40
3 3 33 67 40 2
3 3 2 40 68 38
3 3 40 3 46 68
3 3 68 46 13 43
3 3 38 68 43 12
3 3 8 42 70 47
3 3 42 7 39 70
3 3 70 39 17 45
3 3 47 70 45 18
3 3 12 43 71 36
3 3 43 13 44 71
3 3 71 44 18 45
3 3 36 71 45 17
3 3 8 50 72 41
3 3 50 9 49 72
3 3 72 49 4 48
3 3 41 72 48 3
3 3 3 48 73 46
3 3 48 4 54 73
3 3 73 54 14 51
3 3 46 73 51 13
2 3 4 49 74 54
2 3 49 9 55 74
2 3 74 55 19 52
2 3 54 74 52 14
3 3 9 50 75 55
3 3 50 8 47 75
3 3 75 47 18 53
3 3 55 75 53 19
3 3 13 51 76 44
3 3 51 14 52 76
3 3 76 52 19 53
3 3 44 76 53 18
4 3 20 0 22 56
4 3 5 20 56 23
4 3 56 22 10 21
4 3 23 56 21 15

vertices
81

nodes
FiniteElementSpace
FiniteElementCollection: H1_3D_P1
VDim: 3
Ordering: 1

3.95 0 0.2
4.92188 0 0.234375
5.8875 0 0.225
6.84687 0 0.153125
7.8 0 0
3.95 1 0.2
4.92188 1 0.234375
5.8875 1 0.225
6.84687 1 0.153125
7.8 1 0
3.95 0 1.2
4.92188 0 1.23438
5.8875 0 1.225
6.84687 0 1.15312
7.8 0 1
3.95 1 1.2
4.92188 1 1.23438
5.8875 1 1.225
6.84687 1 1.15312
7.8 1 1
3.95 0.5 0.2
3.95 0.5 1.2
3.95 0 0.7
3.95 1 0.7
4.43672 0 0.221484
4.92188 0.5 0.234375
4.43672 1 0.221484
4.43672 0 1.22148
4.92188 0.5 1.23438
4.43672 1 1.22148
4.92188 0 0.734375
4.92188 1 0.734375
5.40547 0 0.236328
5.8875 0.5 0.225
5.40547 1 0.236328
5.40547 0 1.23633
5.8875 0.5 1.225
5.40547 1 1.23633
5.8875 0 0.725
5.8875 1 0.725
6.36797 0 0.198047
6.84687 0.5 0.153125
6.36797 1 0.198047
6.36797 0 1.19805
6.84687 0.5 1.15312
6.36797 1 1.19805
6.84687 0 0.653125
6.84687 1 0.653125
7.32422 0 0.0878906
7.8 0.5 0
7.32422 1 0.0878906
7.32422 0 1.08789
7.8 0.5 1
7.32422 1 1.08789
7.8 0 0.5
7.8 1 0.5
3.95 0.5 0.7
4.43672 0.5 0.221484
4.43672 0 0.721484
4.92188 0.5 0.734375
4.43672 1 0.721484
4.43672 0.5 1.22148
5.40547 0.5 0.236328
5.40547 0 0.736328
5.8875 0.5 0.725
5.40547 1 0.736328
5.40547 0.5 1.23633
6.36797 0.5 0.198047
6.36797 0 0.698047
6.84687 0.5 0.653125
6.36797 1 0.698047
6.36797 0.5 1.19805
7.32422 0.5 0.0878906
7.32422 0 0.587891
7.8 0.5 0.5
7.32422 1 0.587891
7.32422 0.5 1.08789
4.43672 0.5 0.721484
5.40547 0.5 0.736328
6.36797 0.5 0.698047
7.32422 0.5 0.587891
