MFEM mesh v1.0

#
# MFEM Geometry Types (see mesh/geom.hpp):
#
# POINT       = 0
# SEGMENT     = 1
# TRIANGLE    = 2
# SQUARE      = 3
# TETRAHEDRON = 4
# CUBE        = 5
# PRISM       = 6
#

dimension
3

elements
32
2 5 0 24 57 20 22 58 77 56
2 5 24 1 25 57 58 30 59 77
2 5 57 25 6 26 77 59 31 60
2 5 20 57 26 5 56 77 60 23
2 5 22 58 77 56 10 27 61 21
2 5 58 30 59 77 27 11 28 61
2 5 77 59 31 60 61 28 16 29
2 5 56 77 60 23 21 61 29 15
2 5 1 32 62 25 30 63 78 59
2 5 32 2 33 62 63 38 64 78
2 5 62 33 7 34 78 64 39 65
2 5 25 62 34 6 59 78 65 31
2 5 30 63 78 59 11 35 66 28
2 5 63 38 64 78 35 12 36 66
2 5 78 64 39 65 66 36 17 37
2 5 59 78 65 31 28 66 37 16
2 5 2 40 67 33 38 68 79 64
2 5 40 3 41 67 68 46 69 79
2 5 67 41 8 42 79 69 47 70
2 5 33 67 42 7 64 79 70 39
2 5 38 68 79 64 12 43 71 36
2 5 68 46 69 79 43 13 44 71
2 5 79 69 47 70 71 44 18 45
2 5 64 79 70 39 36 71 45 17
2 5 3 48 72 41 46 73 80 69
2 5 48 4 49 72 73 54 74 80
2 5 72 49 9 50 80 74 55 75
2 5 41 72 50 8 69 80 75 47
2 5 46 73 80 69 13 51 76 44
2 5 73 54 74 80 51 14 52 76
2 5 80 74 55 75 76 52 19 53
2 5 69 80 75 47 44 76 53 18

boundary
72
3 3 5 26 57 20
3 3 26 6 25 57
3 3 57 25 1 24
3 3 20 57 24 0
3 3 0 24 58 22
3 3 24 1 30 58
3 3 58 30 11 27
3 3 22 58 27 10
3 3 6 26 60 31
3 3 26 5 23 60
3 3 60 23 15 29
3 3 31 60 29 16
3 3 10 27 61 21
3 3 27 11 28 61
3 3 61 28 16 29
3 3 21 61 29 15
3 3 6 34 62 25
3 3 34 7 33 62
3 3 62 33 2 32
3 3 25 62 32 1
3 3 1 32 63 30
3 3 32 2 38 63
3 3 63 38 12 35
3 3 30 63 35 11
3 3 7 34 65 39
3 3 34 6 31 65
3 3 65 31 16 37
3 3 39 65 37 17
3 3 11 35 66 28
3 3 35 12 36 66
3 3 66 36 17 37
3 3 28 66 37 16
3 3 7 42 67 33
3 3 42 8 41 67
3 3 67 41 3 40
3 3 33 67 40 2
3 3 2 40 68 38
3 3 40 3 46 68
3 3 68 46 13 43
3 3 38 68 43 12
3 3 8 42 70 47
3 3 42 7 39 70
3 3 70 39 17 45
3 3 47 70 45 18
3 3 12 43 71 36
3 3 43 13 44 71
3 3 71 44 18 45
3 3 36 71 45 17
3 3 8 50 72 41
3 3 50 9 49 72
3 3 72 49 4 48
3 3 41 72 48 3
3 3 3 48 73 46
3 3 48 4 54 73
3 3 73 54 14 51
3 3 46 73 51 13
2 3 4 49 74 54
2 3 49 9 55 74
2 3 74 55 19 52
2 3 54 74 52 14
3 3 9 50 75 55
3 3 50 8 47 75
3 3 75 47 18 53
3 3 55 75 53 19
3 3 13 51 76 44
3 3 51 14 52 76
3 3 76 52 19 53
3 3 44 76 53 18
4 3 20 0 22 56
4 3 5 20 56 23
4 3 56 22 10 21
4 3 23 56 21 15

vertices
81

nodes
FiniteElementSpace
FiniteElementCollection: H1_3D_P1
VDim: 3
Ordering: 1

4.0791 0.489256 0.00926285
5.06606 0.747145 0.00697388
6.03842 1.03618 0.00469521
6.99886 1.34509 0.0025024
7.95121 1.66379 0.00119482
3.85038 1.46217 -0.00929818
4.79959 1.71057 -0.00690147
5.74528 1.99194 -0.00454779
6.68963 2.29584 -0.00231132
7.63474 2.61216 -0.000980655
4.0791 0.489256 0.990737
5.06606 0.747145 0.993026
6.03842 1.03618 0.995305
6.99886 1.34509 0.997498
7.95121 1.66379 0.998805
3.85038 1.46217 1.0093
4.79959 1.71057 1.0069
5.74528 1.99194 1.00455
6.68963 2.29584 1.00231
7.63474 2.61216 1.00098
3.96486 0.974841 0.000190174
3.96486 0.974841 0.99981
4.07839 0.493669 0.5
3.84891 1.46679 0.5
4.57454 0.613576 0.00811788
4.93294 1.2282 0.000155389
4.32553 1.58159 -0.00809511
4.57454 0.613576 0.991882
4.93294 1.2282 0.999845
4.32553 1.58159 1.0081
5.06547 0.750477 0.5
4.79828 1.71391 0.5
5.55392 0.888492 0.00583203
5.89194 1.51363 0.000130725
5.27275 1.84779 -0.00571811
5.55392 0.888492 0.994168
5.89194 1.51363 0.999869
5.27275 1.84779 1.00572
6.03806 1.03844 0.5
5.74425 1.99409 0.5
6.51992 1.18883 0.00357416
6.8443 1.82023 0.000116121
6.21746 2.14172 -0.00340116
6.51992 1.18883 0.996426
6.8443 1.82023 0.999884
6.21746 2.14172 1.0034
6.99874 1.34631 0.5
6.68898 2.2969 0.5
7.47572 1.50373 0.00160155
7.793 2.13787 0.000114092
7.16206 2.45303 -0.00139858
7.47572 1.50373 0.998398
7.793 2.13787 0.999886
7.16206 2.45303 1.0014
7.95118 1.66442 0.5
7.63435 2.61268 0.5
3.96379 0.979351 0.5
4.45015 1.09682 0.000171549
4.57387 0.617448 0.5
4.932 1.23154 0.5
4.32412 1.58555 0.5
4.45015 1.09682 0.999828
5.41344 1.3676 0.000141774
5.55344 0.891287 0.5
5.89125 1.51584 0.5
5.27157 1.85052 0.5
5.41344 1.3676 0.999858
6.36877 1.66494 0.000122223
6.51969 1.19056 0.5
6.84392 1.82139 0.5
6.21662 2.1433 0.5
6.36877 1.66494 0.999878
7.31892 1.97824 0.000112313
7.47569 1.50452 0.5
7.7928 2.13847 0.5
7.16159 2.45368 0.5
7.31892 1.97824 0.999888
4.44913 1.10074 0.5
5.41262 1.37037 0.5
6.36823 1.66661 0.5
7.31867 1.97898 0.5
