MFEM mesh v1.0

#
# MFEM Geometry Types (see mesh/geom.hpp):
#
# POINT       = 0
# SEGMENT     = 1
# TRIANGLE    = 2
# SQUARE      = 3
# TETRAHEDRON = 4
# CUBE        = 5
# PRISM       = 6
#

dimension
2

elements
160
1 3 0 55 149 58
1 3 55 15 56 149
1 3 149 56 43 57
1 3 58 149 57 17
1 3 17 57 150 61
1 3 57 43 59 150
1 3 150 59 16 60
1 3 61 150 60 6
1 3 0 58 151 64
1 3 58 17 62 151
1 3 151 62 44 63
1 3 64 151 63 20
1 3 17 61 152 62
1 3 61 6 65 152
1 3 152 65 18 66
1 3 62 152 66 44
1 3 44 66 153 69
1 3 66 18 67 153
1 3 153 67 13 68
1 3 69 153 68 19
1 3 20 63 154 71
1 3 63 44 69 154
1 3 154 69 19 70
1 3 71 154 70 9
1 3 0 64 155 74
1 3 64 20 72 155
1 3 155 72 45 73
1 3 74 155 73 23
1 3 20 71 156 72
1 3 71 9 75 156
1 3 156 75 21 76
1 3 72 156 76 45
1 3 45 76 157 79
1 3 76 21 77 157
1 3 157 77 14 78
1 3 79 157 78 22
1 3 23 73 158 81
1 3 73 45 79 158
1 3 158 79 22 80
1 3 81 158 80 12
1 3 0 74 159 84
1 3 74 23 82 159
1 3 159 82 46 83
1 3 84 159 83 25
1 3 23 81 160 82
1 3 81 12 85 160
1 3 160 85 24 86
1 3 82 160 86 46
1 3 6 60 161 89
1 3 60 16 87 161
1 3 161 87 47 88
1 3 89 161 88 27
1 3 27 88 162 92
1 3 88 47 90 162
1 3 162 90 26 91
1 3 92 162 91 1
1 3 6 89 163 65
1 3 89 27 93 163
1 3 163 93 48 94
1 3 65 163 94 18
1 3 27 92 164 93
1 3 92 1 95 164
1 3 164 95 28 96
1 3 93 164 96 48
1 3 48 96 165 99
1 3 96 28 97 165
1 3 165 97 7 98
1 3 99 165 98 29
1 3 18 94 166 67
1 3 94 48 99 166
1 3 166 99 29 100
1 3 67 166 100 13
1 3 13 100 167 103
1 3 100 29 101 167
1 3 167 101 49 102
1 3 103 167 102 32
1 3 29 98 168 101
1 3 98 7 104 168
1 3 168 104 30 105
1 3 101 168 105 49
1 3 49 105 169 108
1 3 105 30 106 169
1 3 169 106 3 107
1 3 108 169 107 31
1 3 32 102 170 110
1 3 102 49 108 170
1 3 170 108 31 109
1 3 110 170 109 8
1 3 9 70 171 113
1 3 70 19 111 171
1 3 171 111 50 112
1 3 113 171 112 34
1 3 19 68 172 111
1 3 68 13 103 172
1 3 172 103 32 114
1 3 111 172 114 50
1 3 50 114 173 116
1 3 114 32 110 173
1 3 173 110 8 115
1 3 116 173 115 33
1 3 34 112 174 118
1 3 112 50 116 174
1 3 174 116 33 117
1 3 118 174 117 2
1 3 9 113 175 75
1 3 113 34 119 175
1 3 175 119 51 120
1 3 75 175 120 21
1 3 34 118 176 119
1 3 118 2 121 176
1 3 176 121 35 122
1 3 119 176 122 51
1 3 51 122 177 125
1 3 122 35 123 177
1 3 177 123 10 124
1 3 125 177 124 36
1 3 21 120 178 77
1 3 120 51 125 178
1 3 178 125 36 126
1 3 77 178 126 14
1 3 14 126 179 129
1 3 126 36 127 179
1 3 179 127 52 128
1 3 129 179 128 39
1 3 36 124 180 127
1 3 124 10 130 180
1 3 180 130 37 131
1 3 127 180 131 52
1 3 52 131 181 134
1 3 131 37 132 181
1 3 181 132 5 133
1 3 134 181 133 38
1 3 39 128 182 136
1 3 128 52 134 182
1 3 182 134 38 135
1 3 136 182 135 11
1 3 12 80 183 139
1 3 80 22 137 183
1 3 183 137 53 138
1 3 139 183 138 41
1 3 22 78 184 137
1 3 78 14 129 184
1 3 184 129 39 140
1 3 137 184 140 53
1 3 53 140 185 142
1 3 140 39 136 185
1 3 185 136 11 141
1 3 142 185 141 40
1 3 41 138 186 144
1 3 138 53 142 186
1 3 186 142 40 143
1 3 144 186 143 4
1 3 12 139 187 85
1 3 139 41 145 187
1 3 187 145 54 146
1 3 85 187 146 24
1 3 41 144 188 145
1 3 144 4 147 188
1 3 188 147 42 148
1 3 145 188 148 54

boundary
56
1 1 26 91
1 1 91 1
2 1 8 115
2 1 115 33
2 1 33 117
2 1 117 2
2 1 7 104
2 1 104 30
2 1 30 106
2 1 106 3
2 1 11 141
2 1 141 40
2 1 40 143
2 1 143 4
2 1 10 130
2 1 130 37
2 1 37 132
2 1 132 5
2 1 3 107
2 1 107 31
2 1 31 109
2 1 109 8
2 1 1 95
2 1 95 28
2 1 28 97
2 1 97 7
2 1 5 133
2 1 133 38
2 1 38 135
2 1 135 11
2 1 2 121
2 1 121 35
2 1 35 123
2 1 123 10
2 1 4 147
2 1 147 42
4 1 0 55
4 1 15 56
4 1 59 16
4 1 83 25
4 1 84 0
4 1 24 86
4 1 16 87
4 1 90 26
4 1 146 24
4 1 42 148
4 1 55 15
4 1 56 43
4 1 43 59
4 1 46 83
4 1 25 84
4 1 86 46
4 1 87 47
4 1 47 90
4 1 54 146
4 1 148 54

vertices
189

nodes
FiniteElementSpace
FiniteElementCollection: H1_2D_P1
VDim: 2
Ordering: 1

0 0
0.309017 0.951057
-0.809017 0.587785
-0.5 1.53884
-0.809017 -0.587785
-1.61803 0
0.154508 0.475529
-0.0954915 1.24495
-0.654508 1.06331
-0.404508 0.293893
-1.21352 0.293893
-1.21352 -0.293892
-0.404508 -0.293893
-0.25 0.769421
-0.809016 0
0.25 0
0.4045085 0.475529
0.077254 0.2377645
-0.047746 0.622475
-0.327254 0.531657
-0.202254 0.1469465
-0.606762 0.1469465
-0.606762 -0.1469465
-0.202254 -0.1469465
-0.327254 -0.5316565
0.077254 -0.2377645
0.559018 0.951057
0.2317625 0.713293
0.10676275 1.0980035
-0.17274575 1.0071855
-0.29774575 1.391895
-0.577254 1.301075
-0.452254 0.9163655
-0.7317625 0.8255475
-0.6067625 0.440839
-1.0112685 0.440839
-1.011268 0.1469465
-1.415775 0.1469465
-1.415775 -0.146946
-1.011268 -0.146946
-1.0112685 -0.4408385
-0.6067625 -0.440839
-0.7317625 -0.8255475
0.32725425 0.2377645
-0.125 0.38471075
-0.404508 0
-0.125 -0.3847105
0.48176325 0.713293
0.029508375 0.86023925
-0.37499987 1.1541303
-0.52950825 0.67860225
-0.80901525 0.29389275
-1.2135215 2.5e-07
-0.80901525 -0.2938925
-0.52950825 -0.678602
0.125 0
0.28862712 0.11888225
0.20225413 0.2377645
0.038627 0.11888225
0.36588138 0.35664675
0.27950825 0.475529
0.115881 0.35664675
-0.023873 0.31123762
-0.163627 0.26582862
-0.101127 0.07347325
0.053381 0.549002
-0.086373 0.50359288
-0.148873 0.695948
-0.288627 0.650539
-0.226127 0.45818388
-0.365881 0.412775
-0.303381 0.22041975
-0.303381 0.07347325
-0.303381 -0.07347325
-0.101127 -0.07347325
-0.505635 0.22041975
-0.505635 0.07347325
-0.707889 0.07347325
-0.707889 -0.07347325
-0.505635 -0.07347325
-0.505635 -0.22041975
-0.303381 -0.22041975
-0.163627 -0.2658285
-0.023873 -0.3112375
0.038627 -0.11888225
-0.365881 -0.41277475
-0.226127 -0.4581835
0.44313587 0.594411
0.35676287 0.713293
0.19313525 0.594411
0.52039062 0.832175
0.4340175 0.951057
0.27038975 0.832175
0.13063544 0.78676612
-0.0091188125 0.74135712
0.20788988 1.0245302
0.068135562 0.97912137
0.005635625 1.1714768
-0.13411862 1.1260678
-0.071618688 0.93371238
-0.21137288 0.88830325
-0.27387281 1.0806579
-0.41362694 1.0352479
-0.351127 0.84289325
-0.19661863 1.3184225
-0.33637281 1.2730126
-0.39887288 1.4653675
-0.538627 1.4199575
-0.47612694 1.2276026
-0.615881 1.1821925
-0.553381 0.98983775
-0.42838113 0.60512963
-0.56813537 0.55972062
-0.50563525 0.367366
-0.49088113 0.79748387
-0.69313525 0.94442875
-0.63063537 0.75207487
-0.77038975 0.70666625
-0.70788975 0.514312
-0.70788887 0.36736587
-0.70788862 0.22041963
-0.91014275 0.514312
-0.91014187 0.36736587
-1.1123942 0.367366
-1.112394 0.22041975
-0.91014162 0.22041963
-0.910142 0.07347325
-1.1123947 0.073473375
-1.1123947 -0.073472875
-0.910142 -0.073473
-1.3146475 0.22041975
-1.3146482 0.073473375
-1.5169025 0.07347325
-1.5169025 -0.073473
-1.3146482 -0.073472875
-1.3146475 -0.220419
-1.112394 -0.220419
-0.70788863 -0.2204195
-0.70788887 -0.36736575
-0.50563525 -0.367366
-0.91014162 -0.22041925
-1.1123942 -0.36736525
-0.91014187 -0.3673655
-0.91014275 -0.51431175
-0.70788975 -0.514312
-0.56813537 -0.5597205
-0.42838113 -0.60512925
-0.77038975 -0.70666625
-0.63063537 -0.75207475
0.16362706 0.11888225
0.24088119 0.35664675
-0.0625 0.19235544
0.014754 0.43011981
-0.1875 0.57706594
-0.264754 0.33930181
-0.202254 0
-0.404508 0.1469465
-0.606762 0
-0.404508 -0.1469465
-0.0625 -0.19235537
-0.264754 -0.33930162
0.31813556 0.594411
0.39539019 0.832175
0.092008219 0.66788406
0.16926266 0.90564819
-0.032991531 1.0525946
-0.11024584 0.81483019
-0.31249991 0.96177556
-0.23524572 1.1995402
-0.43749991 1.3464851
-0.51475397 1.1087202
-0.46700819 0.48624781
-0.38975406 0.72401144
-0.59200819 0.87095631
-0.66926256 0.63319344
-0.60676194 0.29389281
-0.80901581 0.44083894
-1.0112679 0.29389281
-0.80901531 0.14694644
-1.0112684 1.875e-07
-1.2135211 0.14694656
-1.4157754 1.875e-07
-1.2135211 -0.14694594
-0.60676194 -0.29389275
-0.80901531 -0.14694625
-1.0112679 -0.29389225
-0.80901581 -0.44083875
-0.46700819 -0.48624762
-0.66926256 -0.63319338
