MFEM mesh v1.0

#
# MFEM Geometry Types (see mesh/geom.hpp):
#
# POINT       = 0
# SEGMENT     = 1
# TRIANGLE    = 2
# SQUARE      = 3
# TETRAHEDRON = 4
# CUBE        = 5
# PRISM       = 6
#

dimension
2

elements
160
1 3 0 55 149 58
1 3 55 15 56 149
1 3 149 56 43 57
1 3 58 149 57 17
1 3 17 57 150 61
1 3 57 43 59 150
1 3 150 59 16 60
1 3 61 150 60 6
1 3 0 58 151 64
1 3 58 17 62 151
1 3 151 62 44 63
1 3 64 151 63 20
1 3 17 61 152 62
1 3 61 6 65 152
1 3 152 65 18 66
1 3 62 152 66 44
1 3 44 66 153 69
1 3 66 18 67 153
1 3 153 67 13 68
1 3 69 153 68 19
1 3 20 63 154 71
1 3 63 44 69 154
1 3 154 69 19 70
1 3 71 154 70 9
1 3 0 64 155 74
1 3 64 20 72 155
1 3 155 72 45 73
1 3 74 155 73 23
1 3 20 71 156 72
1 3 71 9 75 156
1 3 156 75 21 76
1 3 72 156 76 45
1 3 45 76 157 79
1 3 76 21 77 157
1 3 157 77 14 78
1 3 79 157 78 22
1 3 23 73 158 81
1 3 73 45 79 158
1 3 158 79 22 80
1 3 81 158 80 12
1 3 0 74 159 84
1 3 74 23 82 159
1 3 159 82 46 83
1 3 84 159 83 25
1 3 23 81 160 82
1 3 81 12 85 160
1 3 160 85 24 86
1 3 82 160 86 46
1 3 6 60 161 89
1 3 60 16 87 161
1 3 161 87 47 88
1 3 89 161 88 27
1 3 27 88 162 92
1 3 88 47 90 162
1 3 162 90 26 91
1 3 92 162 91 1
1 3 6 89 163 65
1 3 89 27 93 163
1 3 163 93 48 94
1 3 65 163 94 18
1 3 27 92 164 93
1 3 92 1 95 164
1 3 164 95 28 96
1 3 93 164 96 48
1 3 48 96 165 99
1 3 96 28 97 165
1 3 165 97 7 98
1 3 99 165 98 29
1 3 18 94 166 67
1 3 94 48 99 166
1 3 166 99 29 100
1 3 67 166 100 13
1 3 13 100 167 103
1 3 100 29 101 167
1 3 167 101 49 102
1 3 103 167 102 32
1 3 29 98 168 101
1 3 98 7 104 168
1 3 168 104 30 105
1 3 101 168 105 49
1 3 49 105 169 108
1 3 105 30 106 169
1 3 169 106 3 107
1 3 108 169 107 31
1 3 32 102 170 110
1 3 102 49 108 170
1 3 170 108 31 109
1 3 110 170 109 8
1 3 9 70 171 113
1 3 70 19 111 171
1 3 171 111 50 112
1 3 113 171 112 34
1 3 19 68 172 111
1 3 68 13 103 172
1 3 172 103 32 114
1 3 111 172 114 50
1 3 50 114 173 116
1 3 114 32 110 173
1 3 173 110 8 115
1 3 116 173 115 33
1 3 34 112 174 118
1 3 112 50 116 174
1 3 174 116 33 117
1 3 118 174 117 2
1 3 9 113 175 75
1 3 113 34 119 175
1 3 175 119 51 120
1 3 75 175 120 21
1 3 34 118 176 119
1 3 118 2 121 176
1 3 176 121 35 122
1 3 119 176 122 51
1 3 51 122 177 125
1 3 122 35 123 177
1 3 177 123 10 124
1 3 125 177 124 36
1 3 21 120 178 77
1 3 120 51 125 178
1 3 178 125 36 126
1 3 77 178 126 14
1 3 14 126 179 129
1 3 126 36 127 179
1 3 179 127 52 128
1 3 129 179 128 39
1 3 36 124 180 127
1 3 124 10 130 180
1 3 180 130 37 131
1 3 127 180 131 52
1 3 52 131 181 134
1 3 131 37 132 181
1 3 181 132 5 133
1 3 134 181 133 38
1 3 39 128 182 136
1 3 128 52 134 182
1 3 182 134 38 135
1 3 136 182 135 11
1 3 12 80 183 139
1 3 80 22 137 183
1 3 183 137 53 138
1 3 139 183 138 41
1 3 22 78 184 137
1 3 78 14 129 184
1 3 184 129 39 140
1 3 137 184 140 53
1 3 53 140 185 142
1 3 140 39 136 185
1 3 185 136 11 141
1 3 142 185 141 40
1 3 41 138 186 144
1 3 138 53 142 186
1 3 186 142 40 143
1 3 144 186 143 4
1 3 12 139 187 85
1 3 139 41 145 187
1 3 187 145 54 146
1 3 85 187 146 24
1 3 41 144 188 145
1 3 144 4 147 188
1 3 188 147 42 148
1 3 145 188 148 54

boundary
56
1 1 26 91
1 1 91 1
1 1 8 115
1 1 115 33
1 1 33 117
1 1 117 2
1 1 7 104
1 1 104 30
1 1 30 106
1 1 106 3
1 1 11 141
1 1 141 40
1 1 40 143
1 1 143 4
1 1 10 130
1 1 130 37
1 1 37 132
1 1 132 5
1 1 3 107
1 1 107 31
1 1 31 109
1 1 109 8
1 1 1 95
1 1 95 28
1 1 28 97
1 1 97 7
1 1 5 133
1 1 133 38
1 1 38 135
1 1 135 11
1 1 2 121
1 1 121 35
1 1 35 123
1 1 123 10
1 1 4 147
1 1 147 42
3 1 0 55
3 1 15 56
3 1 59 16
3 1 83 25
3 1 84 0
3 1 24 86
3 1 16 87
3 1 90 26
3 1 146 24
3 1 42 148
3 1 55 15
3 1 56 43
3 1 43 59
3 1 46 83
3 1 25 84
3 1 86 46
3 1 87 47
3 1 47 90
3 1 54 146
3 1 148 54

vertices
189

nodes
FiniteElementSpace
FiniteElementCollection: H1_2D_P1
VDim: 2
Ordering: 1

0 0
0.309017 0.951057
-0.809017 0.587785
-0.5 1.53884
-0.809017 -0.587785
-1.61803 0
0.154508 0.475529
-0.0954915 1.24495
-0.654508 1.06331
-0.404508 0.293893
-1.21352 0.293893
-1.21352 -0.293892
-0.404508 -0.293893
-0.25 0.769421
-0.809016 0
0.25 0
0.404508 0.475529
0.077254 0.237764
-0.047746 0.622475
-0.327254 0.531657
-0.202254 0.146947
-0.606762 0.146947
-0.606762 -0.146947
-0.202254 -0.146947
-0.327254 -0.531656
0.077254 -0.237764
0.559018 0.951057
0.231762 0.713293
0.106763 1.098
-0.172746 1.00719
-0.297746 1.39189
-0.577254 1.30107
-0.452254 0.916365
-0.731762 0.825547
-0.606762 0.440839
-1.01127 0.440839
-1.01127 0.146947
-1.41578 0.146947
-1.41578 -0.146946
-1.01127 -0.146946
-1.01127 -0.440839
-0.606762 -0.440839
-0.731762 -0.825547
0.327254 0.237764
-0.125 0.384711
-0.404508 0
-0.125 -0.38471
0.481763 0.713293
0.0295084 0.860239
-0.375 1.15413
-0.529508 0.678602
-0.809015 0.293893
-1.21352 2.5e-07
-0.809015 -0.293893
-0.529508 -0.678602
0.125 0
0.288627 0.118882
0.202254 0.237764
0.038627 0.118882
0.365881 0.356647
0.279508 0.475529
0.115881 0.356647
-0.023873 0.311238
-0.163627 0.265829
-0.101127 0.0734733
0.053381 0.549002
-0.086373 0.503593
-0.148873 0.695948
-0.288627 0.650539
-0.226127 0.458184
-0.365881 0.412775
-0.303381 0.22042
-0.303381 0.0734733
-0.303381 -0.0734733
-0.101127 -0.0734733
-0.505635 0.22042
-0.505635 0.0734733
-0.707889 0.0734733
-0.707889 -0.0734733
-0.505635 -0.0734733
-0.505635 -0.22042
-0.303381 -0.22042
-0.163627 -0.265828
-0.023873 -0.311237
0.038627 -0.118882
-0.365881 -0.412775
-0.226127 -0.458183
0.443136 0.594411
0.356763 0.713293
0.193135 0.594411
0.520391 0.832175
0.434018 0.951057
0.27039 0.832175
0.130635 0.786766
-0.00911881 0.741357
0.20789 1.02453
0.0681356 0.979121
0.00563562 1.17148
-0.134119 1.12607
-0.0716187 0.933712
-0.211373 0.888303
-0.273873 1.08066
-0.413627 1.03525
-0.351127 0.842893
-0.196619 1.31842
-0.336373 1.27301
-0.398873 1.46537
-0.538627 1.41996
-0.476127 1.2276
-0.615881 1.18219
-0.553381 0.989838
-0.428381 0.60513
-0.568135 0.559721
-0.505635 0.367366
-0.490881 0.797484
-0.693135 0.944429
-0.630635 0.752075
-0.77039 0.706666
-0.70789 0.514312
-0.707889 0.367366
-0.707889 0.22042
-0.910143 0.514312
-0.910142 0.367366
-1.11239 0.367366
-1.11239 0.22042
-0.910142 0.22042
-0.910142 0.0734733
-1.11239 0.0734734
-1.11239 -0.0734729
-0.910142 -0.073473
-1.31465 0.22042
-1.31465 0.0734734
-1.5169 0.0734733
-1.5169 -0.073473
-1.31465 -0.0734729
-1.31465 -0.220419
-1.11239 -0.220419
-0.707889 -0.220419
-0.707889 -0.367366
-0.505635 -0.367366
-0.910142 -0.220419
-1.11239 -0.367365
-0.910142 -0.367366
-0.910143 -0.514312
-0.70789 -0.514312
-0.568135 -0.55972
-0.428381 -0.605129
-0.77039 -0.706666
-0.630635 -0.752075
0.163627 0.118882
0.240881 0.356647
-0.0625 0.192355
0.014754 0.43012
-0.1875 0.577066
-0.264754 0.339302
-0.202254 0
-0.404508 0.146947
-0.606762 0
-0.404508 -0.146947
-0.0625 -0.192355
-0.264754 -0.339302
0.318136 0.594411
0.39539 0.832175
0.0920082 0.667884
0.169263 0.905648
-0.0329915 1.05259
-0.110246 0.81483
-0.3125 0.961776
-0.235246 1.19954
-0.4375 1.34649
-0.514754 1.10872
-0.467008 0.486248
-0.389754 0.724011
-0.592008 0.870956
-0.669263 0.633193
-0.606762 0.293893
-0.809016 0.440839
-1.01127 0.293893
-0.809015 0.146946
-1.01127 1.875e-07
-1.21352 0.146947
-1.41578 1.875e-07
-1.21352 -0.146946
-0.606762 -0.293893
-0.809015 -0.146946
-1.01127 -0.293892
-0.809016 -0.440839
-0.467008 -0.486248
-0.669263 -0.633193
