MFEM mesh v1.0

#
# MFEM Geometry Types (see mesh/geom.hpp):
#
# POINT       = 0
# SEGMENT     = 1
# TRIANGLE    = 2
# SQUARE      = 3
# TETRAHEDRON = 4
# CUBE        = 5
# PRISM       = 6
#

dimension
2

elements
160
1 3 17 57 153 60
1 3 57 6 58 153
1 3 153 58 18 59
1 3 60 153 59 45
1 3 45 59 154 63
1 3 59 18 61 154
1 3 154 61 14 62
1 3 63 154 62 19
1 3 46 64 155 67
1 3 64 20 65 155
1 3 155 65 15 66
1 3 67 155 66 21
1 3 22 68 156 70
1 3 68 46 67 156
1 3 156 67 21 69
1 3 70 156 69 11
1 3 0 71 157 74
1 3 71 22 72 157
1 3 157 72 47 73
1 3 74 157 73 17
1 3 22 70 158 72
1 3 70 11 75 158
1 3 158 75 23 76
1 3 72 158 76 47
1 3 47 76 159 79
1 3 76 23 77 159
1 3 159 77 16 78
1 3 79 159 78 24
1 3 17 73 160 57
1 3 73 47 79 160
1 3 160 79 24 80
1 3 57 160 80 6
1 3 6 81 161 58
1 3 81 25 82 161
1 3 161 82 48 83
1 3 58 161 83 18
1 3 25 84 162 82
1 3 84 1 85 162
1 3 162 85 26 86
1 3 82 162 86 48
1 3 48 86 163 89
1 3 86 26 87 163
1 3 163 87 7 88
1 3 89 163 88 27
1 3 18 83 164 61
1 3 83 48 89 164
1 3 164 89 27 90
1 3 61 164 90 14
1 3 14 90 165 93
1 3 90 27 91 165
1 3 165 91 49 92
1 3 93 165 92 30
1 3 27 88 166 91
1 3 88 7 94 166
1 3 166 94 28 95
1 3 91 166 95 49
1 3 49 95 167 98
1 3 95 28 96 167
1 3 167 96 2 97
1 3 98 167 97 29
1 3 30 92 168 100
1 3 92 49 98 168
1 3 168 98 29 99
1 3 100 168 99 8
1 3 19 62 169 102
1 3 62 14 93 169
1 3 169 93 30 101
1 3 102 169 101 50
1 3 50 101 170 104
1 3 101 30 100 170
1 3 170 100 8 103
1 3 104 170 103 31
1 3 51 105 171 108
1 3 105 32 106 171
1 3 171 106 9 107
1 3 108 171 107 33
1 3 20 109 172 65
1 3 109 51 108 172
1 3 172 108 33 110
1 3 65 172 110 15
1 3 15 110 173 113
1 3 110 33 111 173
1 3 173 111 52 112
1 3 113 173 112 36
1 3 33 107 174 111
1 3 107 9 114 174
1 3 174 114 34 115
1 3 111 174 115 52
1 3 52 115 175 118
1 3 115 34 116 175
1 3 175 116 4 117
1 3 118 175 117 35
1 3 36 112 176 120
1 3 112 52 118 176
1 3 176 118 35 119
1 3 120 176 119 10
1 3 11 69 177 123
1 3 69 21 121 177
1 3 177 121 53 122
1 3 123 177 122 38
1 3 21 66 178 121
1 3 66 15 113 178
1 3 178 113 36 124
1 3 121 178 124 53
1 3 53 124 179 126
1 3 124 36 120 179
1 3 179 120 10 125
1 3 126 179 125 37
1 3 38 122 180 128
1 3 122 53 126 180
1 3 180 126 37 127
1 3 128 180 127 3
1 3 11 123 181 75
1 3 123 38 129 181
1 3 181 129 54 130
1 3 75 181 130 23
1 3 38 128 182 129
1 3 128 3 131 182
1 3 182 131 39 132
1 3 129 182 132 54
1 3 54 132 183 135
1 3 132 39 133 183
1 3 183 133 12 134
1 3 135 183 134 40
1 3 23 130 184 77
1 3 130 54 135 184
1 3 184 135 40 136
1 3 77 184 136 16
1 3 16 136 185 139
1 3 136 40 137 185
1 3 185 137 55 138
1 3 139 185 138 43
1 3 40 134 186 137
1 3 134 12 140 186
1 3 186 140 41 141
1 3 137 186 141 55
1 3 55 141 187 144
1 3 141 41 142 187
1 3 187 142 5 143
1 3 144 187 143 42
1 3 43 138 188 146
1 3 138 55 144 188
1 3 188 144 42 145
1 3 146 188 145 13
1 3 6 80 189 81
1 3 80 24 147 189
1 3 189 147 56 148
1 3 81 189 148 25
1 3 24 78 190 147
1 3 78 16 139 190
1 3 190 139 43 149
1 3 147 190 149 56
1 3 56 149 191 151
1 3 149 43 146 191
1 3 191 146 13 150
1 3 151 191 150 44
1 3 25 148 192 84
1 3 148 56 151 192
1 3 192 151 44 152
1 3 84 192 152 1

boundary
64
1 1 8 103
1 1 103 31
1 1 7 94
1 1 94 28
1 1 28 96
1 1 96 2
1 1 10 125
1 1 125 37
1 1 37 127
1 1 127 3
1 1 9 114
1 1 114 34
1 1 34 116
1 1 116 4
1 1 13 150
1 1 150 44
1 1 44 152
1 1 152 1
1 1 12 140
1 1 140 41
1 1 41 142
1 1 142 5
1 1 2 97
1 1 97 29
1 1 29 99
1 1 99 8
1 1 1 85
1 1 85 26
1 1 26 87
1 1 87 7
1 1 4 117
1 1 117 35
1 1 35 119
1 1 119 10
1 1 32 106
1 1 106 9
1 1 5 143
1 1 143 42
1 1 42 145
1 1 145 13
1 1 3 131
1 1 131 39
1 1 39 133
1 1 133 12
2 1 74 0
2 1 60 17
2 1 19 63
2 1 22 68
2 1 0 71
2 1 64 20
2 1 102 19
2 1 31 104
2 1 20 109
2 1 105 32
2 1 17 74
2 1 45 60
2 1 63 45
2 1 68 46
2 1 71 22
2 1 46 64
2 1 50 102
2 1 104 50
2 1 109 51
2 1 51 105

vertices
193

nodes
FiniteElementSpace
FiniteElementCollection: H1_2D_P1
VDim: 2
Ordering: 1

0 0
1 0
1.30902 0.951057
0.309017 -0.951057
-0.5 -1.53884
1.30902 -0.951057
0.5 0
1.15451 0.475529
0.809019 0.951057
-0.654508 -1.06331
-0.0954915 -1.24495
0.154508 -0.475529
0.809019 -0.951057
1.15451 -0.475529
0.654509 0.475529
-0.25 -0.76942
0.654509 -0.475529
0.25 0
0.577255 0.237764
0.404508 0.475529
-0.327254 -0.531656
-0.047746 -0.622475
0.077254 -0.237764
0.404508 -0.475529
0.577255 -0.237764
0.75 0
1.07726 0.237764
0.904509 0.475529
1.23176 0.713293
1.05902 0.951057
0.731764 0.713293
0.559018 0.951057
-0.731762 -0.825547
-0.452254 -0.916365
-0.577254 -1.30107
-0.297746 -1.39189
-0.172746 -1.00718
0.106763 -1.098
0.231762 -0.713293
0.559018 -0.951057
0.731764 -0.713293
1.05902 -0.951057
1.23176 -0.713293
0.904509 -0.475529
1.07726 -0.237764
0.327254 0.237764
-0.125 -0.38471
0.327254 -0.237764
0.827255 0.237764
0.981765 0.713293
0.481763 0.713293
-0.529508 -0.678602
-0.375 -1.15413
0.0295084 -0.860239
0.481763 -0.713293
0.981765 -0.713293
0.827255 -0.237764
0.375 0
0.538627 0.118882
0.452254 0.237764
0.288627 0.118882
0.615882 0.356647
0.529509 0.475529
0.365881 0.356647
-0.226127 -0.458183
-0.288627 -0.650538
-0.148873 -0.695947
-0.086373 -0.503592
-0.023873 -0.311237
0.053381 -0.549002
0.115881 -0.356647
0.038627 -0.118882
0.202254 -0.237764
0.288627 -0.118882
0.125 0
0.279508 -0.475529
0.365881 -0.356647
0.529509 -0.475529
0.615882 -0.356647
0.452254 -0.237764
0.538627 -0.118882
0.625 0
0.788627 0.118882
0.702255 0.237764
0.875 0
1.03863 0.118882
0.952255 0.237764
1.11588 0.356647
1.02951 0.475529
0.865882 0.356647
0.779509 0.475529
0.943137 0.594411
0.856764 0.713293
0.693137 0.594411
1.19314 0.594411
1.10676 0.713293
1.27039 0.832175
1.18402 0.951057
1.02039 0.832175
0.934019 0.951057
0.770392 0.832175
0.606764 0.713293
0.443136 0.594411
0.684019 0.951057
0.520391 0.832175
-0.630635 -0.752075
-0.693135 -0.944429
-0.553381 -0.989837
-0.490881 -0.797484
-0.428381 -0.605129
-0.351127 -0.842893
-0.413627 -1.03525
-0.273873 -1.08066
-0.211373 -0.888302
-0.615881 -1.18219
-0.476127 -1.2276
-0.538627 -1.41996
-0.398873 -1.46537
-0.336373 -1.27301
-0.196619 -1.31842
-0.134119 -1.12607
-0.00911881 -0.741357
0.130635 -0.786766
0.193135 -0.594411
-0.0716187 -0.933712
0.00563562 -1.17148
0.0681356 -0.979121
0.20789 -1.02453
0.27039 -0.832175
0.356763 -0.713293
0.443136 -0.594411
0.434018 -0.951057
0.520391 -0.832175
0.684019 -0.951057
0.770392 -0.832175
0.606764 -0.713293
0.693137 -0.594411
0.856764 -0.713293
0.943137 -0.594411
0.779509 -0.475529
0.934019 -0.951057
1.02039 -0.832175
1.18402 -0.951057
1.27039 -0.832175
1.10676 -0.713293
1.19314 -0.594411
1.02951 -0.475529
0.702255 -0.237764
0.788627 -0.118882
0.865882 -0.356647
1.11588 -0.356647
0.952255 -0.237764
1.03863 -0.118882
0.413627 0.118882
0.490882 0.356647
-0.1875 -0.577065
0.014754 -0.43012
0.163627 -0.118882
0.240881 -0.356647
0.490882 -0.356647
0.413627 -0.118882
0.663627 0.118882
0.913627 0.118882
0.990882 0.356647
0.740882 0.356647
0.818137 0.594411
1.06814 0.594411
1.14539 0.832175
0.895392 0.832175
0.568136 0.594411
0.645391 0.832175
-0.592008 -0.870956
-0.389754 -0.724011
-0.3125 -0.961775
-0.514754 -1.10872
-0.4375 -1.34648
-0.235246 -1.19954
0.0920082 -0.667884
-0.110246 -0.81483
-0.0329915 -1.05259
0.169263 -0.905648
0.318136 -0.594411
0.39539 -0.832175
0.645391 -0.832175
0.568136 -0.594411
0.818137 -0.594411
0.895392 -0.832175
1.14539 -0.832175
1.06814 -0.594411
0.663627 -0.118882
0.740882 -0.356647
0.990882 -0.356647
0.913627 -0.118882
