MFEM mesh v1.0

#
# MFEM Geometry Types (see mesh/geom.hpp):
#
# POINT       = 0
# SEGMENT     = 1
# TRIANGLE    = 2
# SQUARE      = 3
# TETRAHEDRON = 4
# CUBE        = 5
# PRISM       = 6
#

dimension
3

elements
32
2 5 0 24 57 20 22 58 77 56
2 5 24 1 25 57 58 30 59 77
2 5 57 25 6 26 77 59 31 60
2 5 20 57 26 5 56 77 60 23
2 5 22 58 77 56 10 27 61 21
2 5 58 30 59 77 27 11 28 61
2 5 77 59 31 60 61 28 16 29
2 5 56 77 60 23 21 61 29 15
2 5 1 32 62 25 30 63 78 59
2 5 32 2 33 62 63 38 64 78
2 5 62 33 7 34 78 64 39 65
2 5 25 62 34 6 59 78 65 31
2 5 30 63 78 59 11 35 66 28
2 5 63 38 64 78 35 12 36 66
2 5 78 64 39 65 66 36 17 37
2 5 59 78 65 31 28 66 37 16
2 5 2 40 67 33 38 68 79 64
2 5 40 3 41 67 68 46 69 79
2 5 67 41 8 42 79 69 47 70
2 5 33 67 42 7 64 79 70 39
2 5 38 68 79 64 12 43 71 36
2 5 68 46 69 79 43 13 44 71
2 5 79 69 47 70 71 44 18 45
2 5 64 79 70 39 36 71 45 17
2 5 3 48 72 41 46 73 80 69
2 5 48 4 49 72 73 54 74 80
2 5 72 49 9 50 80 74 55 75
2 5 41 72 50 8 69 80 75 47
2 5 46 73 80 69 13 51 76 44
2 5 73 54 74 80 51 14 52 76
2 5 80 74 55 75 76 52 19 53
2 5 69 80 75 47 44 76 53 18

boundary
72
3 3 5 26 57 20
3 3 26 6 25 57
3 3 57 25 1 24
3 3 20 57 24 0
3 3 0 24 58 22
3 3 24 1 30 58
3 3 58 30 11 27
3 3 22 58 27 10
3 3 6 26 60 31
3 3 26 5 23 60
3 3 60 23 15 29
3 3 31 60 29 16
3 3 10 27 61 21
3 3 27 11 28 61
3 3 61 28 16 29
3 3 21 61 29 15
3 3 6 34 62 25
3 3 34 7 33 62
3 3 62 33 2 32
3 3 25 62 32 1
3 3 1 32 63 30
3 3 32 2 38 63
3 3 63 38 12 35
3 3 30 63 35 11
3 3 7 34 65 39
3 3 34 6 31 65
3 3 65 31 16 37
3 3 39 65 37 17
3 3 11 35 66 28
3 3 35 12 36 66
3 3 66 36 17 37
3 3 28 66 37 16
3 3 7 42 67 33
3 3 42 8 41 67
3 3 67 41 3 40
3 3 33 67 40 2
3 3 2 40 68 38
3 3 40 3 46 68
3 3 68 46 13 43
3 3 38 68 43 12
3 3 8 42 70 47
3 3 42 7 39 70
3 3 70 39 17 45
3 3 47 70 45 18
3 3 12 43 71 36
3 3 43 13 44 71
3 3 71 44 18 45
3 3 36 71 45 17
3 3 8 50 72 41
3 3 50 9 49 72
3 3 72 49 4 48
3 3 41 72 48 3
3 3 3 48 73 46
3 3 48 4 54 73
3 3 73 54 14 51
3 3 46 73 51 13
2 3 4 49 74 54
2 3 49 9 55 74
2 3 74 55 19 52
2 3 54 74 52 14
3 3 9 50 75 55
3 3 50 8 47 75
3 3 75 47 18 53
3 3 55 75 53 19
3 3 13 51 76 44
3 3 51 14 52 76
3 3 76 52 19 53
3 3 44 76 53 18
4 3 20 0 22 56
4 3 5 20 56 23
4 3 56 22 10 21
4 3 23 56 21 15

vertices
81

nodes
FiniteElementSpace
FiniteElementCollection: H1_3D_P1
VDim: 3
Ordering: 1

3.975 0 0.1
4.96094 0 0.117188
5.94375 0 0.1125
6.92344 0 0.0765625
7.9 0 0
3.975 1 0.1
4.96094 1 0.117188
5.94375 1 0.1125
6.92344 1 0.0765625
7.9 1 0
3.975 0 1.1
4.96094 0 1.11719
5.94375 0 1.1125
6.92344 0 1.07656
7.9 0 1
3.975 1 1.1
4.96094 1 1.11719
5.94375 1 1.1125
6.92344 1 1.07656
7.9 1 1
3.975 0.5 0.1
3.975 0.5 1.1
3.975 0 0.6
3.975 1 0.6
4.46836 0 0.110742
4.96094 0.5 0.117188
4.46836 1 0.110742
4.46836 0 1.11074
4.96094 0.5 1.11719
4.46836 1 1.11074
4.96094 0 0.617188
4.96094 1 0.617188
5.45273 0 0.118164
5.94375 0.5 0.1125
5.45273 1 0.118164
5.45273 0 1.11816
5.94375 0.5 1.1125
5.45273 1 1.11816
5.94375 0 0.6125
5.94375 1 0.6125
6.43398 0 0.0990234
6.92344 0.5 0.0765625
6.43398 1 0.0990234
6.43398 0 1.09902
6.92344 0.5 1.07656
6.43398 1 1.09902
6.92344 0 0.576562
6.92344 1 0.576562
7.41211 0 0.0439453
7.9 0.5 0
7.41211 1 0.0439453
7.41211 0 1.04395
7.9 0.5 1
7.41211 1 1.04395
7.9 0 0.5
7.9 1 0.5
3.975 0.5 0.6
4.46836 0.5 0.110742
4.46836 0 0.610742
4.96094 0.5 0.617188
4.46836 1 0.610742
4.46836 0.5 1.11074
5.45273 0.5 0.118164
5.45273 0 0.618164
5.94375 0.5 0.6125
5.45273 1 0.618164
5.45273 0.5 1.11816
6.43398 0.5 0.0990234
6.43398 0 0.599023
6.92344 0.5 0.576562
6.43398 1 0.599023
6.43398 0.5 1.09902
7.41211 0.5 0.0439453
7.41211 0 0.543945
7.9 0.5 0.5
7.41211 1 0.543945
7.41211 0.5 1.04395
4.46836 0.5 0.610742
5.45273 0.5 0.618164
6.43398 0.5 0.599023
7.41211 0.5 0.543945
